0	0.13	-0.00717925
0.01	0.129928	-0.0143585
0.02	0.129785	-0.0215338
0.03	0.129569	-0.0287011
0.04	0.129282	-0.0358566
0.05	0.128924	-0.0429962
0.06	0.128494	-0.050116
0.07	0.127993	-0.0572121
0.08	0.12742	-0.0642805
0.09	0.126778	-0.0713173
0.1	0.126064	-0.0783186
0.11	0.125281	-0.0852805
0.12	0.124428	-0.0921991
0.13	0.123507	-0.0990707
0.14	0.122516	-0.105891
0.15	0.121457	-0.112657
0.16	0.12033	-0.119365
0.17	0.119137	-0.12601
0.18	0.117877	-0.132589
0.19	0.116551	-0.139099
0.2	0.11516	-0.145536
0.21	0.113704	-0.151895
0.22	0.112185	-0.158175
0.23	0.110604	-0.16437
0.24	0.10896	-0.170478
0.25	0.107255	-0.176495
0.26	0.10549	-0.182419
0.27	0.103666	-0.188244
0.28	0.101784	-0.193969
0.29	0.0998439	-0.19959
0.3	0.097848	-0.205104
0.31	0.0957969	-0.210508
0.32	0.0936918	-0.215798
0.33	0.0915339	-0.220972
0.34	0.0893241	-0.226027
0.35	0.0870639	-0.23096
0.36	0.0847543	-0.235768
0.37	0.0823966	-0.240449
0.38	0.0799921	-0.244999
0.39	0.0775421	-0.249417
0.4	0.0750479	-0.253699
0.41	0.072511	-0.257844
0.42	0.0699325	-0.261848
0.43	0.067314	-0.26571
0.44	0.0646569	-0.269427
0.45	0.0619627	-0.272998
0.46	0.0592327	-0.27642
0.47	0.0564685	-0.279691
0.48	0.0536716	-0.28281
0.49	0.0508435	-0.285774
0.5	0.0479857	-0.288581
0.51	0.0450999	-0.291231
0.52	0.0421876	-0.293722
0.53	0.0392504	-0.296052
0.54	0.0362899	-0.298219
0.55	0.0333077	-0.300224
0.56	0.0303054	-0.302063
0.57	0.0272848	-0.303737
0.58	0.0242475	-0.305243
0.59	0.021195	-0.306582
0.6	0.0181292	-0.307753
0.61	0.0150517	-0.308754
0.62	0.0119641	-0.309585
0.63	0.00886827	-0.310246
0.64	0.00576581	-0.310736
0.65	0.00265845	-0.311054
0.66	-0.000452095	-0.311201
0.67	-0.00356411	-0.311176
0.68	-0.00667587	-0.310979
0.69	-0.00978566	-0.310611
0.7	-0.0128918	-0.31007
0.71	-0.0159925	-0.309358
0.72	-0.019086	-0.308475
0.73	-0.0221708	-0.307421
0.74	-0.025245	-0.306197
0.75	-0.028307	-0.304802
0.76	-0.031355	-0.303239
0.77	-0.0343874	-0.301508
0.78	-0.0374025	-0.299609
0.79	-0.0403986	-0.297543
0.8	-0.043374	-0.295312
0.81	-0.0463271	-0.292917
0.82	-0.0492563	-0.290358
0.83	-0.0521599	-0.287638
0.84	-0.0550362	-0.284758
0.85	-0.0578838	-0.281718
0.86	-0.060701	-0.278522
0.87	-0.0634862	-0.275169
0.88	-0.0662379	-0.271663
0.89	-0.0689545	-0.268005
0.9	-0.0716346	-0.264197
0.91	-0.0742766	-0.260241
0.92	-0.076879	-0.256139
0.93	-0.0794404	-0.251894
0.94	-0.0819593	-0.247507
0.95	-0.0844344	-0.24298
0.96	-0.0868642	-0.238318
0.97	-0.0892474	-0.233521
0.98	-0.0915826	-0.228592
0.99	-0.0938685	-0.223534
1	-0.0961038	-0.21835
1.01	-0.0982873	-0.213043
1.02	-0.100418	-0.207615
1.03	-0.102494	-0.202069
1.04	-0.104515	-0.196409
1.05	-0.106479	-0.190637
1.06	-0.108385	-0.184757
1.07	-0.110233	-0.178772
1.08	-0.11202	-0.172684
1.09	-0.113747	-0.166498
1.1	-0.115412	-0.160216
1.11	-0.117014	-0.153842
1.12	-0.118553	-0.14738
1.13	-0.120027	-0.140833
1.14	-0.121435	-0.134205
1.15	-0.122777	-0.127498
1.16	-0.124052	-0.120718
1.17	-0.125259	-0.113867
1.18	-0.126398	-0.10695
1.19	-0.127467	-0.0999695
1.2	-0.128467	-0.0929302
1.21	-0.129396	-0.0858356
1.22	-0.130255	-0.0786897
1.23	-0.131042	-0.0714964
1.24	-0.131756	-0.0642596
1.25	-0.132399	-0.0569833
1.26	-0.132969	-0.0496716
1.27	-0.133466	-0.0423284
1.28	-0.133889	-0.0349577
1.29	-0.134238	-0.0275637
1.3	-0.134514	-0.0201504
1.31	-0.134716	-0.0127219
1.32	-0.134843	-0.0052822
1.33	-0.134896	0.0021645
1.34	-0.134874	0.00961411
1.35	-0.134778	0.0170625
1.36	-0.134607	0.0245056
1.37	-0.134362	0.0319393
1.38	-0.134043	0.0393595
1.39	-0.133649	0.046762
1.4	-0.133182	0.0541428
1.41	-0.13264	0.0614977
1.42	-0.132025	0.0688228
1.43	-0.131337	0.0761139
1.44	-0.130576	0.083367
1.45	-0.129742	0.090578
1.46	-0.128836	0.097743
1.47	-0.127859	0.104858
1.48	-0.12681	0.111919
1.49	-0.125691	0.118922
1.5	-0.124502	0.125863
1.51	-0.123243	0.132739
1.52	-0.121916	0.139545
1.53	-0.12052	0.146278
1.54	-0.119058	0.152934
1.55	-0.117528	0.159509
1.56	-0.115933	0.165999
1.57	-0.114273	0.172402
1.58	-0.112549	0.178712
1.59	-0.110762	0.184928
1.6	-0.108913	0.191045
1.61	-0.107002	0.197059
1.62	-0.105032	0.202969
1.63	-0.103002	0.208769
1.64	-0.100914	0.214457
1.65	-0.0987699	0.22003
1.66	-0.0965696	0.225485
1.67	-0.0943147	0.230818
1.68	-0.0920065	0.236026
1.69	-0.0896463	0.241107
1.7	-0.0872352	0.246058
1.71	-0.0847746	0.250876
1.72	-0.0822659	0.255557
1.73	-0.0797103	0.260101
1.74	-0.0771093	0.264503
1.75	-0.0744643	0.268761
1.76	-0.0717767	0.272873
1.77	-0.0690479	0.276837
1.78	-0.0662795	0.28065
1.79	-0.063473	0.284311
1.8	-0.0606299	0.287816
1.81	-0.0577518	0.291164
1.82	-0.0548401	0.294353
1.83	-0.0518966	0.297382
1.84	-0.0489228	0.300248
1.85	-0.0459203	0.30295
1.86	-0.0428908	0.305486
1.87	-0.0398359	0.307854
1.88	-0.0367574	0.310054
1.89	-0.0336569	0.312084
1.9	-0.030536	0.313943
1.91	-0.0273966	0.315629
1.92	-0.0242403	0.317142
1.93	-0.0210689	0.318481
1.94	-0.0178841	0.319644
1.95	-0.0146876	0.320632
1.96	-0.0114813	0.321443
1.97	-0.00826686	0.322077
1.98	-0.00504609	0.322534
1.99	-0.00182075	0.322813
2	0.00140737	0.322913
2.01	0.0046365	0.322835
2.02	0.00786486	0.322579
2.03	0.0110906	0.322145
2.04	0.0143121	0.321532
2.05	0.0175274	0.320742
2.06	0.0207348	0.319774
2.07	0.0239326	0.318629
2.08	0.0271189	0.317307
2.09	0.0302919	0.31581
2.1	0.03345	0.314137
2.11	0.0365914	0.31229
2.12	0.0397143	0.310269
2.13	0.042817	0.308076
2.14	0.0458978	0.305711
2.15	0.0489549	0.303176
2.16	0.0519866	0.300473
2.17	0.0549914	0.297602
2.18	0.0579674	0.294565
2.19	0.060913	0.291364
2.2	0.0638267	0.288
2.21	0.0667067	0.284475
2.22	0.0695514	0.280791
2.23	0.0723593	0.27695
2.24	0.0751288	0.272954
2.25	0.0778584	0.268805
2.26	0.0805464	0.264505
2.27	0.0831915	0.260057
2.28	0.085792	0.255463
2.29	0.0883467	0.250725
2.3	0.0908539	0.245846
2.31	0.0933124	0.240829
2.32	0.0957207	0.235676
2.33	0.0980774	0.230389
2.34	0.100381	0.224973
2.35	0.102631	0.219429
2.36	0.104825	0.213762
2.37	0.106963	0.207973
2.38	0.109043	0.202066
2.39	0.111063	0.196044
2.4	0.113024	0.18991
2.41	0.114923	0.183669
2.42	0.11676	0.177322
2.43	0.118533	0.170874
2.44	0.120242	0.164328
2.45	0.121885	0.157688
2.46	0.123462	0.150956
2.47	0.124971	0.144138
2.48	0.126413	0.137237
2.49	0.127785	0.130256
2.5	0.129088	0.123199
2.51	0.13032	0.11607
2.52	0.13148	0.108873
2.53	0.132569	0.101612
2.54	0.133585	0.0942908
2.55	0.134528	0.0869136
2.56	0.135397	0.0794843
2.57	0.136192	0.072007
2.58	0.136912	0.0644858
2.59	0.137557	0.0569248
2.6	0.138126	0.0493282
2.61	0.138619	0.0417002
2.62	0.139036	0.034045
2.63	0.139377	0.0263667
2.64	0.139641	0.0186696
2.65	0.139827	0.0109579
2.66	0.139937	0.00323599
2.67	0.139969	-0.00449202
2.68	0.139924	-0.0122218
2.69	0.139802	-0.0199491
2.7	0.139603	-0.0276697
2.71	0.139326	-0.0353793
2.72	0.138972	-0.0430735
2.73	0.138541	-0.0507483
2.74	0.138034	-0.0583992
2.75	0.13745	-0.0660221
2.76	0.13679	-0.0736128
2.77	0.136054	-0.081167
2.78	0.135242	-0.0886806
2.79	0.134355	-0.0961493
2.8	0.133394	-0.103569
2.81	0.132358	-0.110936
2.82	0.131248	-0.118245
2.83	0.130066	-0.125493
2.84	0.128811	-0.132676
2.85	0.127484	-0.13979
2.86	0.126086	-0.14683
2.87	0.124618	-0.153793
2.88	0.12308	-0.160675
2.89	0.121473	-0.167472
2.9	0.119799	-0.174181
2.91	0.118057	-0.180797
2.92	0.116249	-0.187316
2.93	0.114376	-0.193736
2.94	0.112438	-0.200053
2.95	0.110438	-0.206262
2.96	0.108375	-0.212361
2.97	0.106252	-0.218346
2.98	0.104068	-0.224214
2.99	0.101826	-0.229961
3	0.0995265	-0.235584
3.01	0.0971706	-0.241081
3.02	0.0947598	-0.246447
3.03	0.0922953	-0.25168
3.04	0.0897785	-0.256777
3.05	0.0872108	-0.261735
3.06	0.0845934	-0.266551
3.07	0.0819279	-0.271223
3.08	0.0792157	-0.275747
3.09	0.0764582	-0.280122
3.1	0.073657	-0.284344
3.11	0.0708135	-0.288412
3.12	0.0679294	-0.292323
3.13	0.0650062	-0.296074
3.14	0.0620455	-0.299664
3.15	0.0590488	-0.303091
3.16	0.0560179	-0.306352
3.17	0.0529544	-0.309445
3.18	0.0498599	-0.31237
3.19	0.0467362	-0.315123
3.2	0.043585	-0.317704
3.21	0.040408	-0.320111
3.22	0.0372069	-0.322343
3.23	0.0339834	-0.324397
3.24	0.0307395	-0.326274
3.25	0.0274767	-0.327972
3.26	0.024197	-0.329489
3.27	0.0209021	-0.330825
3.28	0.0175939	-0.33198
3.29	0.0142741	-0.332951
3.3	0.0109445	-0.33374
3.31	0.00760714	-0.334344
3.32	0.0042637	-0.334764
3.33	0.000916062	-0.335
3.34	-0.00243393	-0.33505
3.35	-0.00578444	-0.334916
3.36	-0.00913359	-0.334596
3.37	-0.0124796	-0.334092
3.38	-0.0158205	-0.333403
3.39	-0.0191545	-0.332529
