0  0  1.6598  0  0.23698  0.04905  0  
0  0.0023698  1.65931  0  0.23698  -0.04905  0  
0.01  0.0047396  1.65784  0  0.23698  -0.14715  0  
0.02  0.0071094  1.65539  0  0.23698  -0.24525  0  
0.03  0.0094792  1.65195  0  0.23698  -0.34335  0  
0.04  0.011849  1.64754  0  0.23698  -0.44145  0  
0.05  0.0142188  1.64214  0  0.23698  -0.53955  0  
0.06  0.0165886  1.63577  0  0.23698  -0.63765  0  
0.07  0.0189584  1.62841  0  0.23698  -0.73575  0  
0.08  0.0213282  1.62007  0  0.23698  -0.83385  0  
0.09  0.023698  1.61075  0  0.23698  -0.93195  0  
0.1  0.0260678  1.60045  0  0.23698  -1.03005  0  
0.11  0.0284376  1.58917  0  0.23698  -1.12815  0  
0.12  0.0308074  1.57691  0  0.23698  -1.22625  0  
0.13  0.0331772  1.56366  0  0.23698  -1.32435  0  
0.14  0.035547  1.54944  0  0.23698  -1.42245  0  
0.15  0.0379168  1.53423  0  0.23698  -1.52055  0  
0.16  0.0402866  1.51805  0  0.23698  -1.61865  0  
0.17  0.0426564  1.50088  0  0.23698  -1.71675  0  
0.18  0.0450262  1.48273  0  0.23698  -1.81485  0  
0.19  0.047396  1.4636  0  0.23698  -1.91295  0  
0.2  0.0497658  1.44349  0  0.23698  -2.01105  0  
0.21  0.0521356  1.4224  0  0.23698  -2.10915  0  
0.22  0.0545054  1.40033  0  0.23698  -2.20725  0  
0.23  0.0568752  1.37727  0  0.23698  -2.30535  0  
0.24  0.059245  1.35324  0  0.23698  -2.40345  0  
0.25  0.0616148  1.32822  0  0.23698  -2.50155  0  
0.26  0.0639846  1.30223  0  0.23698  -2.59965  0  
0.27  0.0663544  1.27525  0  0.23698  -2.69775  0  
0.28  0.0687242  1.24729  0  0.23698  -2.79585  0  
0.29  0.071094  1.21835  0  0.23698  -2.89395  0  
0.3  0.0734638  1.18843  0  0.23698  -2.99205  0  
0.31  0.0758336  1.15753  0  0.23698  -3.09015  0  
0.32  0.0782034  1.12565  0  0.23698  -3.18825  0  
0.33  0.0805732  1.09278  0  0.23698  -3.28635  0  
0.34  0.082943  1.05894  0  0.23698  -3.38445  0  
0.35  0.0853128  1.02411  0  0.23698  -3.48255  0  
0.36  0.0876826  0.988305  0  0.23698  -3.58065  0  
0.37  0.0900524  0.951518  0  0.23698  -3.67875  0  
0.38  0.0924222  0.913749  0  0.23698  -3.77685  0  
0.39  0.094792  0.875  0  0.23698  -3.87495  0  
0.4  0.0971618  0.835269  0  0.23698  -3.97305  0  
0.41  0.0995316  0.794558  0  0.23698  -4.07115  0  
0.42  0.101901  0.752865  0  0.23698  -4.16925  0  
0.43  0.104271  0.710192  0  0.23698  -4.26735  0  
0.44  0.106641  0.666537  0  0.23698  -4.36545  0  
0.45  0.109011  0.621902  0  0.23698  -4.46355  0  
0.46  0.111381  0.576285  0  0.23698  -4.56165  0  
0.47  0.11375  0.529688  0  0.23698  -4.65975  0  
0.48  0.11612  0.482109  0  0.23698  -4.75785  0  
0.49  0.11849  0.43355  0  0.23698  -4.85595  0  
0.5  0.12086  0.384009  0  0.23698  -4.95405  0  
0.51  0.12323  0.333488  0  0.23698  -5.05215  0  
0.52  0.125599  0.281985  0  0.23698  -5.15025  0  
0.53  0.127969  0.229502  0  0.23698  -5.24835  0  
0.54  0.130339  0.18002  0  0.23698  -4.94825  0  
0.55  0.132709  0.137562  0  0.23698  -4.24574  0  
0.56  0.135079  0.105285  0  0.23698  -3.22773  0  
0.57  0.137448  0.0852622  0  0.23698  -2.00226  0  
0.58  0.139818  0.0783836  0  0.23698  -0.687853  0  
0.59  0.142188  0.0843568  0  0.23698  0.597318  0  
0.6  0.144558  0.101812  0  0.23698  1.74548  0  
0.61  0.146928  0.128489  0  0.23698  2.66776  0  
0.62  0.149297  0.161494  0  0.23698  3.30053  0  
0.63  0.151667  0.197586  0  0.23698  3.60915  0  
0.64  0.154037  0.233475  0  0.23698  3.58895  0  
0.65  0.156407  0.266112  0  0.23698  3.26367  0  
0.66  0.158777  0.297768  0  0.23698  3.16557  0  
0.67  0.161146  0.328443  0  0.23698  3.06747  0  
0.68  0.163516  0.358136  0  0.23698  2.96937  0  
0.69  0.165886  0.386849  0  0.23698  2.87127  0  
0.7  0.168256  0.414581  0  0.23698  2.77317  0  
0.71  0.170626  0.441331  0  0.23698  2.67507  0  
0.72  0.172995  0.467101  0  0.23698  2.57697  0  
0.73  0.175365  0.49189  0  0.23698  2.47887  0  
0.74  0.177735  0.515697  0  0.23698  2.38077  0  
0.75  0.180105  0.538524  0  0.23698  2.28267  0  
0.76  0.182475  0.56037  0  0.23698  2.18457  0  
0.77  0.184844  0.581235  0  0.23698  2.08647  0  
0.78  0.187214  0.601118  0  0.23698  1.98837  0  
0.79  0.189584  0.620021  0  0.23698  1.89027  0  
0.8  0.191954  0.637943  0  0.23698  1.79217  0  
0.81  0.194324  0.654883  0  0.23698  1.69407  0  
0.82  0.196693  0.670843  0  0.23698  1.59597  0  
0.83  0.199063  0.685822  0  0.23698  1.49787  0  
0.84  0.201433  0.699819  0  0.23698  1.39977  0  
0.85  0.203803  0.712836  0  0.23698  1.30167  0  
0.86  0.206173  0.724872  0  0.23698  1.20357  0  
0.87  0.208542  0.735926  0  0.23698  1.10547  0  
0.88  0.210912  0.746  0  0.23698  1.00737  0  
0.89  0.213282  0.755093  0  0.23698  0.90927  0  
0.9  0.215652  0.763205  0  0.23698  0.81117  0  
0.91  0.218022  0.770335  0  0.23698  0.71307  0  
0.92  0.220391  0.776485  0  0.23698  0.61497  0  
0.93  0.222761  0.781654  0  0.23698  0.51687  0  
0.94  0.225131  0.785841  0  0.23698  0.41877  0  
0.95  0.227501  0.789048  0  0.23698  0.32067  0  
0.96  0.229871  0.791274  0  0.23698  0.22257  0  
0.97  0.23224  0.792518  0  0.23698  0.12447  0  
0.98  0.23461  0.792782  0  0.23698  0.0263698  0  
0.99  0.23698  0.792065  0  0.23698  -0.0717302  0  
1  0.23935  0.790367  0  0.23698  -0.16983  0  
1.01  0.24172  0.787687  0  0.23698  -0.26793  0  
1.02  0.244089  0.784027  0  0.23698  -0.36603  0  
1.03  0.246459  0.779386  0  0.23698  -0.46413  0  
1.04  0.248829  0.773763  0  0.23698  -0.56223  0  
1.05  0.251199  0.76716  0  0.23698  -0.66033  0  
1.06  0.253569  0.759576  0  0.23698  -0.75843  0  
1.07  0.255938  0.75101  0  0.23698  -0.85653  0  
1.08  0.258308  0.741464  0  0.23698  -0.95463  0  
1.09  0.260678  0.730937  0  0.23698  -1.05273  0  
1.1  0.263048  0.719429  0  0.23698  -1.15083  0  
1.11  0.265418  0.706939  0  0.23698  -1.24893  0  
1.12  0.267787  0.693469  0  0.23698  -1.34703  0  
1.13  0.270157  0.679018  0  0.23698  -1.44513  0  
1.14  0.272527  0.663585  0  0.23698  -1.54323  0  
1.15  0.274897  0.647172  0  0.23698  -1.64133  0  
1.16  0.277267  0.629778  0  0.23698  -1.73943  0  
1.17  0.279636  0.611402  0  0.23698  -1.83753  0  
1.18  0.282006  0.592046  0  0.23698  -1.93563  0  
1.19  0.284376  0.571709  0  0.23698  -2.03373  0  
1.2  0.286746  0.550391  0  0.23698  -2.13183  0  
1.21  0.289116  0.528091  0  0.23698  -2.22993  0  
1.22  0.291485  0.504811  0  0.23698  -2.32803  0  
1.23  0.293855  0.48055  0  0.23698  -2.42613  0  
1.24  0.296225  0.455307  0  0.23698  -2.52423  0  
1.25  0.298595  0.429084  0  0.23698  -2.62233  0  
1.26  0.300965  0.40188  0  0.23698  -2.72043  0  
1.27  0.303334  0.373694  0  0.23698  -2.81853  0  
1.28  0.305704  0.344528  0  0.23698  -2.91663  0  
1.29  0.308074  0.314381  0  0.23698  -3.01473  0  
1.3  0.310444  0.283253  0  0.23698  -3.11283  0  
1.31  0.312814  0.251143  0  0.23698  -3.21093  0  
1.32  0.315183  0.218053  0  0.23698  -3.30903  0  
1.33  0.317553  0.187643  0  0.23698  -3.04097  0  
1.34  0.319923  0.162331  0  0.23698  -2.5312  0  
1.35  0.322293  0.143937  0  0.23698  -1.83943  0  
1.36  0.324663  0.133568  0  0.23698  -1.0369  0  
1.37  0.327032  0.131573  0  0.23698  -0.199545  0  
1.38  0.329402  0.137561  0  0.23698  0.598803  0  
1.39  0.331772  0.150487  0  0.23698  1.29259  0  
1.4  0.334142  0.168782  0  0.23698  1.82958  0  
1.41  0.336512  0.190527  0  0.23698  2.17442  0  
1.42  0.338881  0.213632  0  0.23698  2.31052  0  
1.43  0.341251  0.236034  0  0.23698  2.24023  0  
1.44  0.343621  0.257455  0  0.23698  2.14213  0  
1.45  0.345991  0.277896  0  0.23698  2.04403  0  
1.46  0.348361  0.297355  0  0.23698  1.94593  0  
1.47  0.35073  0.315833  0  0.23698  1.84783  0  
1.48  0.3531  0.333331  0  0.23698  1.74973  0  
1.49  0.35547  0.349847  0  0.23698  1.65163  0  
1.5  0.35784  0.365382  0  0.23698  1.55353  0  
1.51  0.36021  0.379937  0  0.23698  1.45543  0  
1.52  0.362579  0.39351  0  0.23698  1.35733  0  
1.53  0.364949  0.406102  0  0.23698  1.25923  0  
1.54  0.367319  0.417714  0  0.23698  1.16113  0  
1.55  0.369689  0.428344  0  0.23698  1.06303  0  
1.56  0.372059  0.437993  0  0.23698  0.964932  0  
1.57  0.374428  0.446661  0  0.23698  0.866832  0  
1.58  0.376798  0.454349  0  0.23698  0.768732  0  
1.59  0.379168  0.461055  0  0.23698  0.670632  0  
1.6  0.381538  0.46678  0  0.23698  0.572532  0  
1.61  0.383908  0.471525  0  0.23698  0.474432  0  
1.62  0.386277  0.475288  0  0.23698  0.376332  0  
1.63  0.388647  0.47807  0  0.23698  0.278232  0  
1.64  0.391017  0.479872  0  0.23698  0.180132  0  
1.65  0.393387  0.480692  0  0.23698  0.0820315  0  
1.66  0.395757  0.480531  0  0.23698  -0.0160685  0  
1.67  0.398126  0.47939  0  0.23698  -0.114168  0  
1.68  0.400496  0.477267  0  0.23698  -0.212268  0  
1.69  0.402866  0.474163  0  0.23698  -0.310368  0  
1.7  0.405236  0.470079  0  0.23698  -0.408468  0  
1.71  0.407606  0.465013  0  0.23698  -0.506568  0  
1.72  0.409975  0.458966  0  0.23698  -0.604668  0  
1.73  0.412345  0.451938  0  0.23698  -0.702768  0  
1.74  0.414715  0.44393  0  0.23698  -0.800868  0  
1.75  0.417085  0.43494  0  0.23698  -0.898968  0  
1.76  0.419455  0.424969  0  0.23698  -0.997068  0  
1.77  0.421824  0.414018  0  0.23698  -1.09517  0  
1.78  0.424194  0.402085  0  0.23698  -1.19327  0  
1.79  0.426564  0.389171  0  0.23698  -1.29137  0  
1.8  0.428934  0.375277  0  0.23698  -1.38947  0  
1.81  0.431304  0.360401  0  0.23698  -1.48757  0  
1.82  0.433673  0.344544  0  0.23698  -1.58567  0  
1.83  0.436043  0.327707  0  0.23698  -1.68377  0  
1.84  0.438413  0.309888  0  0.23698  -1.78187  0  
1.85  0.440783  0.291088  0  0.23698  -1.87997  0  
1.86  0.443153  0.271308  0  0.23698  -1.97807  0  
1.87  0.445522  0.250546  0  0.23698  -2.07617  0  
1.88  0.447892  0.228803  0  0.23698  -2.17427  0  
1.89  0.450262  0.208064  0  0.23698  -2.07394  0  
1.9  0.452632  0.190031  0  0.23698  -1.80325  0  
1.91  0.455002  0.176064  0  0.23698  -1.39671  0  
1.92  0.457371  0.167083  0  0.23698  -0.89812  0  
1.93  0.459741  0.163521  0  0.23698  -0.356217  0  
1.94  0.462111  0.165319  0  0.23698  0.179833  0  
1.95  0.464481  0.171966  0  0.23698  0.664652  0  
1.96  0.466851  0.182568  0  0.23698  1.06027  0  
1.97  0.46922  0.195957  0  0.23698  1.33889  0  
1.98  0.47159  0.210803  0  0.23698  1.48454  0  
1.99  0.47396  0.22574  0  0.23698  1.49369  0  
2  0.47633  0.239486  0  0.23698  1.37469  0  
2.01  0.4787  0.252252  0  0.23698  1.27659  0  
2.02  0.481069  0.264037  0  0.23698  1.17849  0  
2.03  0.483439  0.274841  0  0.23698  1.08039  0  
2.04  0.485809  0.284664  0  0.23698  0.982286  0  
2.05  0.488179  0.293506  0  0.23698  0.884186  0  
2.06  0.490549  0.301367  0  0.23698  0.786086  0  
2.07  0.492918  0.308246  0  0.23698  0.687986  0  
2.08  0.495288  0.314145  0  0.23698  0.589886  0  
2.09  0.497658  0.319063  0  0.23698  0.491786  0  
2.1  0.500028  0.323  0  0.23698  0.393686  0  
2.11  0.502398  0.325956  0  0.23698  0.295586  0  
2.12  0.504767  0.327931  0  0.23698  0.197486  0  
2.13  0.507137  0.328925  0  0.23698  0.0993856  0  
2.14  0.509507  0.328937  0  0.23698  0.00128562  0  
2.15  0.511877  0.327969  0  0.23698  -0.0968144  0  
2.16  0.514247  0.32602  0  0.23698  -0.194914  0  
2.17  0.516616  0.32309  0  0.23698  -0.293014  0  
2.18  0.518986  0.319179  0  0.23698  -0.391114  0  
2.19  0.521356  0.314287  0  0.23698  -0.489214  0  
2.2  0.523726  0.308414  0  0.23698  -0.587314  0  
2.21  0.526096  0.301559  0  0.23698  -0.685414  0  
2.22  0.528465  0.293724  0  0.23698  -0.783514  0  
2.23  0.530835  0.284908  0  0.23698  -0.881614  0  
2.24  0.533205  0.275111  0  0.23698  -0.979714  0  
2.25  0.535575  0.264333  0  0.23698  -1.07781  0  
2.26  0.537945  0.252574  0  0.23698  -1.17591  0  
2.27  0.540314  0.239834  0  0.23698  -1.27401  0  
2.28  0.542684  0.226112  0  0.23698  -1.37211  0  
2.29  0.545054  0.213087  0  0.23698  -1.3025  0  
2.3  0.547424  0.201824  0  0.23698  -1.12633  0  
2.31  0.549794  0.193166  0  0.23698  -0.865782  0  
2.32  0.552163  0.187679  0  0.23698  -0.54875  0  
2.33  0.554533  0.185618  0  0.23698  -0.206082  0  
2.34  0.556903  0.18693  0  0.23698  0.131249  0  
2.35  0.559273  0.191278  0  0.23698  0.434796  0  
2.36  0.561643  0.198087  0  0.23698  0.680904  0  
2.37  0.564012  0.206611  0  0.23698  0.852403  0  
2.38  0.566382  0.216008  0  0.23698  0.939643  0  
2.39  0.568752  0.225416  0  0.23698  0.940815  0  
2.4  0.571122  0.234032  0  0.23698  0.86158  0  
2.41  0.573492  0.241173  0  0.23698  0.714083  0  
2.42  0.575861  0.247333  0  0.23698  0.615983  0  
2.43  0.578231  0.252511  0  0.23698  0.517883  0  
2.44  0.580601  0.256709  0  0.23698  0.419783  0  
2.45  0.582971  0.259926  0  0.23698  0.321683  0  
2.46  0.585341  0.262162  0  0.23698  0.223583  0  
2.47  0.58771  0.263417  0  0.23698  0.125483  0  
2.48  0.59008  0.263691  0  0.23698  0.027383  0  
2.49  0.59245  0.262983  0  0.23698  -0.070717  0  
2.5  0.59482  0.261295  0  0.23698  -0.168817  0  
2.51  0.59719  0.258626  0  0.23698  -0.266917  0  
2.52  0.599559  0.254976  0  0.23698  -0.365017  0  
2.53  0.601929  0.250345  0  0.23698  -0.463117  0  
2.54  0.604299  0.244732  0  0.23698  -0.561217  0  
2.55  0.606669  0.238139  0  0.23698  -0.659317  0  
2.56  0.609039  0.230565  0  0.23698  -0.757417  0  
2.57  0.611408  0.222896  0  0.23698  -0.766959  0  
2.58  0.613778  0.215792  0  0.23698  -0.710378  0  
2.59  0.616148  0.209822  0  0.23698  -0.596929  0  
2.6  0.618518  0.205421  0  0.23698  -0.440105  0  
2.61  0.620888  0.202859  0  0.23698  -0.2562  0  
2.62  0.623257  0.202232  0  0.23698  -0.0627279  0  
2.63  0.625627  0.203464  0  0.23698  0.123152  0  
2.64  0.627997  0.206324  0  0.23698  0.286076  0  
2.65  0.630367  0.210461  0  0.23698  0.41367  0  
2.66  0.632737  0.215435  0  0.23698  0.497404  0  
2.67  0.635106  0.220766  0  0.23698  0.533064  0  
2.68  0.637476  0.225974  0  0.23698  0.520824  0  
2.69  0.639846  0.230623  0  0.23698  0.464933  0  
2.7  0.642216  0.234354  0  0.23698  0.373085  0  
2.71  0.644586  0.23691  0  0.23698  0.255529  0  
2.72  0.646955  0.238484  0  0.23698  0.157429  0  
2.73  0.649325  0.239077  0  0.23698  0.0593295  0  
2.74  0.651695  0.238689  0  0.23698  -0.0387705  0  
2.75  0.654065  0.237321  0  0.23698  -0.136871  0  
2.76  0.656435  0.234971  0  0.23698  -0.234971  0  
2.77  0.658804  0.2318  0  0.23698  -0.317097  0  
2.78  0.661174  0.228133  0  0.23698  -0.366652  0  
2.79  0.663544  0.224318  0  0.23698  -0.381585  0  
2.8  0.665914  0.220688  0  0.23698  -0.362938  0  
2.81  0.668284  0.217543  0  0.23698  -0.31455  0  
2.82  0.670653  0.215117  0  0.23698  -0.242543  0  
2.83  0.673023  0.213571  0  0.23698  -0.154646  0  
2.84  0.675393  0.212977  0  0.23698  -0.0594284  0  
2.85  0.677763  0.213322  0  0.23698  0.0344911  0  
2.86  0.680133  0.214513  0  0.23698  0.11918  0  
2.87  0.682502  0.216394  0  0.23698  0.188025  0  
2.88  0.684872  0.218756  0  0.23698  0.236208  0  
2.89  0.687242  0.221366  0  0.23698  0.260998  0  
2.9  0.689612  0.223984  0  0.23698  0.261845  0  
2.91  0.691982  0.226387  0  0.23698  0.240277  0  
2.92  0.694351  0.228383  0  0.23698  0.199638  0  
2.93  0.696721  0.22983  0  0.23698  0.144673  0  
2.94  0.699091  0.23064  0  0.23698  0.0810337  0  
2.95  0.701461  0.230788  0  0.23698  0.0147349  0  
2.96  0.703831  0.230304  0  0.23698  -0.0483849  0  
2.97  0.7062  0.229272  0  0.23698  -0.103149  0  
2.98  0.70857  0.227818  0  0.23698  -0.145441  0  
2.99  0.71094  0.226093  0  0.23698  -0.172484  0  
3  0.71331  0.224263  0  0.23698  -0.18299  0  
3.01  0.71568  0.222491  0  0.23698  -0.177169  0  
3.02  0.718049  0.220925  0  0.23698  -0.15661  0  
3.03  0.720419  0.219685  0  0.23698  -0.124055  0  
3.04  0.722789  0.218854  0  0.23698  -0.083087  0  
3.05  0.725159  0.218476  0  0.23698  -0.0377666  0  
3.06  0.727529  0.218554  0  0.23698  0.00774529  0  
3.07  0.729898  0.219049  0  0.23698  0.0495499  0  
3.08  0.732268  0.219892  0  0.23698  0.0843259  0  
3.09  0.734638  0.220988  0  0.23698  0.109574  0  
3.1  0.737008  0.222226  0  0.23698  0.123777  0  
3.11  0.739378  0.223491  0  0.23698  0.126461  0  
3.12  0.741747  0.224672  0  0.23698  0.118168  0  
3.13  0.744117  0.225676  0  0.23698  0.10034  0  
3.14  0.746487  0.226427  0  0.23698  0.0751383  0  
3.15  0.748857  0.226879  0  0.23698  0.0452075  0  
3.16  0.751227  0.227013  0  0.23698  0.0134199  0  
3.17  0.753596  0.22684  0  0.23698  -0.017386  0  
3.18  0.755966  0.226393  0  0.23698  -0.0446457  0  
3.19  0.758336  0.22573  0  0.23698  -0.0662691  0  
3.2  0.760706  0.224922  0  0.23698  -0.080787  0  
3.21  0.763076  0.224048  0  0.23698  -0.0874354  0  
3.22  0.765445  0.223186  0  0.23698  -0.0861734  0  
3.23  0.767815  0.22241  0  0.23698  -0.0776381  0  
3.24  0.770185  0.22178  0  0.23698  -0.0630451  0  
3.25  0.772555  0.221339  0  0.23698  -0.0440458  0  
3.26  0.774925  0.221114  0  0.23698  -0.0225573  0  
3.27  0.777294  0.221108  0  0.23698  -0.000580984  0  
3.28  0.779664  0.221307  0  0.23698  0.0199742  0  
3.29  0.782034  0.221682  0  0.23698  0.0374482  0  
3.3  0.784404  0.222187  0  0.23698  0.0505552  0  
3.31  0.786774  0.222772  0  0.23698  0.0584685  0  
3.32  0.789143  0.223381  0  0.23698  0.06086  0  
3.33  0.791513  0.22396  0  0.23698  0.0578951  0  
3.34  0.793883  0.224462  0  0.23698  0.0501853  0  
3.35  0.796253  0.224849  0  0.23698  0.0387065  0  
3.36  0.798623  0.225096  0  0.23698  0.0246911  0  
3.37  0.800992  0.225191  0  0.23698  0.00950557  0  
3.38  0.803362  0.225136  0  0.23698  -0.00547529  0  
3.39  0.805732  0.224946  0  0.23698  -0.018986  0  
3.4  0.808102  0.224646  0  0.23698  -0.0299715  0  
3.41  0.810472  0.22427  0  0.23698  -0.0376626  0  
3.42  0.812841  0.223853  0  0.23698  -0.0416233  0  
3.43  0.815211  0.223436  0  0.23698  -0.041765  0  
3.44  0.817581  0.223052  0  0.23698  -0.0383311  0  
3.45  0.819951  0.222734  0  0.23698  -0.0318543  0  
3.46  0.822321  0.222503  0  0.23698  -0.0230912  0  
3.47  0.82469  0.222374  0  0.23698  -0.0129429  0  
3.48  0.82706  0.22235  0  0.23698  -0.00236873  0  
3.49  0.82943  0.222427  0  0.23698  0.00769999  0  
3.5  0.8318  0.222591  0  0.23698  0.0164374  0  
3.51  0.83417  0.222823  0  0.23698  0.0231865  0  
3.52  0.836539  0.223098  0  0.23698  0.0275043  0  
3.53  0.838909  0.22339  0  0.23698  0.0291846  0  
3.54  0.841279  0.223673  0  0.23698  0.0282607  0  
3.55  0.843649  0.223922  0  0.23698  0.0249856  0  
3.56  0.846019  0.22412  0  0.23698  0.0197963  0  
3.57  0.848388  0.224253  0  0.23698  0.0132641  0  
3.58  0.850758  0.224313  0  0.23698  0.00603653  0  
3.59  0.853128  0.224301  0  0.23698  -0.00122273  0  
3.6  0.855498  0.224222  0  0.23698  -0.00789174  0  
3.61  0.857868  0.224088  0  0.23698  -0.0134406  0  
3.62  0.860237  0.223913  0  0.23698  -0.0174705  0  
3.63  0.862607  0.223716  0  0.23698  -0.019739  0  
3.64  0.864977  0.223514  0  0.23698  -0.0201703  0  
3.65  0.867347  0.223326  0  0.23698  -0.0188505  0  
3.66  0.869717  0.223166  0  0.23698  -0.0160096  0  
3.67  0.872086  0.223046  0  0.23698  -0.0119919  0  
3.68  0.874456  0.222973  0  0.23698  -0.0072191  0  
3.69  0.876826  0.222952  0  0.23698  -0.00214938  0  
3.7  0.879196  0.22298  0  0.23698  0.00276455  0  
3.71  0.881566  0.223051  0  0.23698  0.00711357  0  
3.72  0.883935  0.223156  0  0.23698  0.0105641  0  
3.73  0.886305  0.223285  0  0.23698  0.0128818  0  
3.74  0.888675  0.223425  0  0.23698  0.0139444  0  
3.75  0.891045  0.223562  0  0.23698  0.0137453  0  
3.76  0.893415  0.223686  0  0.23698  0.0123859  0  
3.77  0.895784  0.223787  0  0.23698  0.01006  0  
3.78  0.898154  0.223857  0  0.23698  0.00703076  0  
3.79  0.900524  0.223893  0  0.23698  0.00360396  0  
3.8  0.902894  0.223894  0  0.23698  9.87904e-05  0  
3.81  0.905264  0.223862  0  0.23698  -0.00318023  0  
3.82  0.907633  0.223802  0  0.23698  -0.00596825  0  
3.83  0.910003  0.223722  0  0.23698  -0.00806009  0  
3.84  0.912373  0.223629  0  0.23698  -0.00932374  0  
3.85  0.914743  0.223531  0  0.23698  -0.00970673  0  
3.86  0.917113  0.223439  0  0.23698  -0.0092353  0  
3.87  0.919482  0.223359  0  0.23698  -0.00800688  0  
3.88  0.921852  0.223297  0  0.23698  -0.00617703  0  
3.89  0.924222  0.223258  0  0.23698  -0.00394223  0  
3.9  0.926592  0.223243  0  0.23698  -0.0015204  0  
3.91  0.928962  0.223251  0  0.23698  0.000869157  0  
3.92  0.931331  0.223282  0  0.23698  0.00302458  0  
3.93  0.933701  0.223329  0  0.23698  0.0047775  0  
3.94  0.936071  0.223389  0  0.23698  0.00600518  0  
3.95  0.938441  0.223456  0  0.23698  0.00663796  0  
3.96  0.940811  0.223522  0  0.23698  0.00666162  0  
3.97  0.94318  0.223584  0  0.23698  0.00611491  0  
3.98  0.94555  0.223634  0  0.23698  0.00508268  0  
3.99  0.94792  0.223671  0  0.23698  0.00368556  0  
4  0.95029  0.223692  0  0.23698  0.00206727  0  
4.01  0.95266  0.223696  0  0.23698  0.000380767  0  
4.02  0.955029  0.223683  0  0.23698  -0.00122537  0  
4.03  0.957399  0.223657  0  0.23698  -0.00261939  0  
4.04  0.959769  0.22362  0  0.23698  -0.00369646  0  
4.05  0.962139  0.223576  0  0.23698  -0.00438583  0  
4.06  0.964509  0.22353  0  0.23698  -0.00465459  0  
4.07  0.966878  0.223485  0  0.23698  -0.00450794  0  
4.08  0.969248  0.223445  0  0.23698  -0.0039862  0  
4.09  0.971618  0.223413  0  0.23698  -0.00315903  0  
4.1  0.973988  0.223392  0  0.23698  -0.00211749  0  
4.11  0.976358  0.223383  0  0.23698  -0.000964862  0  
4.12  0.978727  0.223384  0  0.23698  0.000193007  0  
4.13  0.981097  0.223397  0  0.23698  0.0012569  0  
4.14  0.983467  0.223418  0  0.23698  0.00214228  0  
4.15  0.985837  0.223446  0  0.23698  0.00278548  0  
4.16  0.988207  0.223478  0  0.23698  0.00314781  0  
4.17  0.990576  0.22351  0  0.23698  0.00321712  0  
4.18  0.992946  0.22354  0  0.23698  0.0030071  0  
4.19  0.995316  0.223566  0  0.23698  0.00255438  0  
4.2  0.997686  0.223585  0  0.23698  0.00191386  0  
4.21  1.00006  0.223596  0  0.23698  0.0011528  0  
4.22  1.00243  0.2236  0  0.23698  0.000344246  0  
4.23  1.0048  0.223595  0  0.23698  -0.000439588  0  
4.24  1.00716  0.223584  0  0.23698  -0.00113343  0  
4.25  1.00953  0.223567  0  0.23698  -0.00168406  0  
4.26  1.0119  0.223547  0  0.23698  -0.00205404  0  
4.27  1.01427  0.223524  0  0.23698  -0.00222389  0  
4.28  1.01664  0.223502  0  0.23698  -0.00219249  0  
4.29  1.01901  0.223483  0  0.23698  -0.00197598  0  
4.3  1.02138  0.223467  0  0.23698  -0.00160525  0  
4.31  1.02375  0.223455  0  0.23698  -0.00112228  0  
4.32  1.02612  0.22345  0  0.23698  -0.0005758  0  
4.33  1.02849  0.223449  0  0.23698  -1.67338e-05  0  
4.34  1.03086  0.223455  0  0.23698  0.000506344  0  
4.35  1.03323  0.223464  0  0.23698  0.000951181  0  
4.36  1.0356  0.223477  0  0.23698  0.00128503  0  
4.37  1.03797  0.223492  0  0.23698  0.00148682  0  
4.38  1.04034  0.223507  0  0.23698  0.00154815  0  
4.39  1.04271  0.223522  0  0.23698  0.0014732  0  
4.4  1.04508  0.223535  0  0.23698  0.00127747  0  
4.41  1.04745  0.223545  0  0.23698  0.000985769  0  
4.42  1.04982  0.223551  0  0.23698  0.000629423  0  
4.43  1.05219  0.223553  0  0.23698  0.000243184  0  
4.44  1.05456  0.223552  0  0.23698  -0.000137968  0  
4.45  1.05693  0.223547  0  0.23698  -0.000481831  0  
4.46  1.0593  0.223539  0  0.23698  -0.00076154  0  
4.47  1.06167  0.22353  0  0.23698  -0.000957507  0  
4.48  1.06404  0.223519  0  0.23698  -0.0010586  0  
4.49  1.06641  0.223509  0  0.23698  -0.00106255  0  
4.5  1.06878  0.223499  0  0.23698  -0.000975503  0  
4.51  1.07115  0.223491  0  0.23698  -0.000810994  0  
4.52  1.07352  0.223485  0  0.23698  -0.00058825  0  
4.53  1.07589  0.223482  0  0.23698  -0.000330187  0  
4.54  1.07826  0.223481  0  0.23698  -6.12034e-05  0  
4.55  1.08063  0.223483  0  0.23698  0.000195004  0  
4.56  1.083  0.223487  0  0.23698  0.000417414  0  
4.57  1.08537  0.223493  0  0.23698  0.000589299  0  
4.58  1.08774  0.2235  0  0.23698  0.000699364  0  
4.59  1.09011  0.223507  0  0.23698  0.000742349  0  
4.6  1.09248  0.223515  0  0.23698  0.000719073  0  
4.61  1.09485  0.223521  0  0.23698  0.000635959  0  
4.62  1.09722  0.223526  0  0.23698  0.000504107  0  
4.63  1.09959  0.223529  0  0.23698  0.000338038  0  
4.64  1.10196  0.223531  0  0.23698  0.00015422  0  
4.65  1.10433  0.223531  0  0.23698  -3.04628e-05  0  
4.66  1.1067  0.223529  0  0.23698  -0.000200184  0  
4.67  1.10907  0.223525  0  0.23698  -0.000341455  0  
4.68  1.11144  0.223521  0  0.23698  -0.000444116  0  
4.69  1.11381  0.223516  0  0.23698  -0.000501986  0  
4.7  1.11618  0.223511  0  0.23698  -0.000513123  0  
4.71  1.11855  0.223506  0  0.23698  -0.000479702  0  
4.72  1.12092  0.223502  0  0.23698  -0.000407559  0  
4.73  1.12329  0.223499  0  0.23698  -0.000305447  0  
4.74  1.12565  0.223497  0  0.23698  -0.000184088  0  
4.75  1.12802  0.223496  0  0.23698  -5.51338e-05  0  
4.76  1.13039  0.223497  0  0.23698  6.98975e-05  0  
4.77  1.13276  0.223499  0  0.23698  0.000180593  0  
4.78  1.13513  0.223502  0  0.23698  0.00026846  0  
4.79  1.1375  0.223505  0  0.23698  0.000327525  0  
4.8  1.13987  0.223508  0  0.23698  0.000354671  0  
4.81  1.14224  0.223512  0  0.23698  0.000349718  0  
4.82  1.14461  0.223515  0  0.23698  0.000315237  0  
4.83  1.14698  0.223518  0  0.23698  0.000256147  0  
4.84  1.14935  0.223519  0  0.23698  0.000179142  0  
4.85  1.15172  0.22352  0  0.23698  9.19944e-05  0  
4.86  1.15409  0.22352  0  0.23698  2.82482e-06  0  
4.87  1.15646  0.22352  0  0.23698  -8.06181e-05  0  
4.88  1.15883  0.223518  0  0.23698  -0.000151593  0  
4.89  1.1612  0.223516  0  0.23698  -0.000204874  0  
4.9  1.16357  0.223514  0  0.23698  -0.000237097  0  
4.91  1.16594  0.223511  0  0.23698  -0.000246919  0  
4.92  1.16831  0.223509  0  0.23698  -0.000235001  0  
4.93  1.17068  0.223507  0  0.23698  -0.000203816  0  
4.94  1.17305  0.223505  0  0.23698  -0.000157315  0  
4.95  1.17542  0.223504  0  0.23698  -0.000100494  0  
4.96  1.17779  0.223504  0  0.23698  -3.88964e-05  0  
4.97  1.18016  0.223504  0  0.23698  2.19002e-05  0  
4.98  1.18253  0.223505  0  0.23698  7.6758e-05  0  
4.99  1.1849  0.223506  0  0.23698  0.000121391  0  
5  1.18727  0.223507  0  0.23698  0.000152671  0  
5.01  1.18964  0.223509  0  0.23698  0.000168823  0  
5.02  1.19201  0.223511  0  0.23698  0.000169479  0  
5.03  1.19438  0.223512  0  0.23698  0.000155621  0  
5.04  1.19675  0.223514  0  0.23698  0.000129402  0  
5.05  1.19912  0.223515  0  0.23698  9.38901e-05  0  
5.06  1.20149  0.223515  0  0.23698  5.2738e-05  0  
5.07  1.20386  0.223515  0  0.23698  9.83709e-06  0  
5.08  1.20623  0.223515  0  0.23698  -3.10325e-05  0  
5.09  1.2086  0.223514  0  0.23698  -6.65171e-05  0  
5.1  1.21097  0.223513  0  0.23698  -9.39474e-05  0  
5.11  1.21334  0.223512  0  0.23698  -0.00011152  0  
5.12  1.21571  0.223511  0  0.23698  -0.000118395  0  
5.13  1.21808  0.22351  0  0.23698  -0.000114701  0  
5.14  1.22045  0.223509  0  0.23698  -0.000101461  0  
5.15  1.22282  0.223508  0  0.23698  -8.04436e-05  0  
5.16  1.22519  0.223508  0  0.23698  -5.39645e-05  0  
5.17  1.22756  0.223507  0  0.23698  -2.46499e-05  0  
5.18  1.22993  0.223507  0  0.23698  4.80749e-06  0  
5.19  1.2323  0.223508  0  0.23698  3.18829e-05  0  
5.2  1.23467  0.223508  0  0.23698  5.44239e-05  0  
5.21  1.23704  0.223509  0  0.23698  7.08095e-05  0  
5.22  1.23941  0.22351  0  0.23698  8.00525e-05  0  
5.23  1.24178  0.223511  0  0.23698  8.18418e-05  0  
5.24  1.24415  0.223511  0  0.23698  7.65235e-05  0  
5.25  1.24651  0.223512  0  0.23698  6.50273e-05  0  
5.26  1.24888  0.223512  0  0.23698  4.87483e-05  0  
5.27  1.25125  0.223513  0  0.23698  2.93965e-05  0  
5.28  1.25362  0.223513  0  0.23698  8.82996e-06  0  
5.29  1.25599  0.223513  0  0.23698  -1.11141e-05  0  
5.3  1.25836  0.223512  0  0.23698  -2.87744e-05  0  
5.31  1.26073  0.223512  0  0.23698  -4.27959e-05  0  
5.32  1.2631  0.223511  0  0.23698  -5.22249e-05  0  
5.33  1.26547  0.223511  0  0.23698  -5.65638e-05  0  
5.34  1.26784  0.22351  0  0.23698  -5.57827e-05  0  
5.35  1.27021  0.22351  0  0.23698  -5.0291e-05  0  
5.36  1.27258  0.223509  0  0.23698  -4.08729e-05  0  
5.37  1.27495  0.223509  0  0.23698  -2.85952e-05  0  
5.38  1.27732  0.223509  0  0.23698  -1.46977e-05  0  
5.39  1.27969  0.223509  0  0.23698  -4.75406e-07  0  
5.4  1.28206  0.223509  0  0.23698  1.28356e-05  0  
5.41  1.28443  0.223509  0  0.23698  2.41599e-05  0  
5.42  1.2868  0.22351  0  0.23698  3.26633e-05  0  
5.43  1.28917  0.22351  0  0.23698  3.78088e-05  0  
5.44  1.29154  0.22351  0  0.23698  3.93817e-05  0  
5.45  1.29391  0.223511  0  0.23698  3.74868e-05  0  
5.46  1.29628  0.223511  0  0.23698  3.2518e-05  0  
5.47  1.29865  0.223511  0  0.23698  2.51053e-05  0  
5.48  1.30102  0.223512  0  0.23698  1.60451e-05  0  
5.49  1.30339  0.223512  0  0.23698  6.22127e-06  0  
5.5  1.30576  0.223512  0  0.23698  -3.47623e-06  0  
5.51  1.30813  0.223512  0  0.23698  -1.22279e-05  0  
5.52  1.3105  0.223511  0  0.23698  -1.93498e-05  0  
5.53  1.31287  0.223511  0  0.23698  -2.43429e-05  0  
5.54  1.31524  0.223511  0  0.23698  -2.69234e-05  0  
5.55  1.31761  0.223511  0  0.23698  -2.70323e-05  0  
5.56  1.31998  0.22351  0  0.23698  -2.48259e-05  0  
5.57  1.32235  0.22351  0  0.23698  -2.06475e-05  0  
5.58  1.32472  0.22351  0  0.23698  -1.49857e-05  0  
5.59  1.32709  0.22351  0  0.23698  -8.42336e-06  0  
5.6  1.32946  0.22351  0  0.23698  -1.581e-06  0  
5.61  1.33183  0.22351  0  0.23698  4.93841e-06  0  
5.62  1.3342  0.22351  0  0.23698  1.05998e-05  0  
5.63  1.33657  0.22351  0  0.23698  1.49773e-05  0  
5.64  1.33894  0.22351  0  0.23698  1.7783e-05  0  
5.65  1.34131  0.22351  0  0.23698  1.88826e-05  0  
5.66  1.34368  0.223511  0  0.23698  1.82963e-05  0  
5.67  1.34605  0.223511  0  0.23698  1.61871e-05  0  
5.68  1.34842  0.223511  0  0.23698  1.28369e-05  0  
5.69  1.35079  0.223511  0  0.23698  8.61491e-06  0  
5.7  1.35316  0.223511  0  0.23698  3.93991e-06  0  
5.71  1.35553  0.223511  0  0.23698  -7.58607e-07  0  
5.72  1.3579  0.223511  0  0.23698  -5.07789e-06  0  
5.73  1.36027  0.223511  0  0.23698  -8.67454e-06  0  
5.74  1.36264  0.223511  0  0.23698  -1.12898e-05  0  
5.75  1.365  0.223511  0  0.23698  -1.27661e-05  0  
5.76  1.36737  0.223511  0  0.23698  -1.30536e-05  0  
5.77  1.36974  0.22351  0  0.23698  -1.22073e-05  0  
5.78  1.37211  0.22351  0  0.23698  -1.03753e-05  0  
5.79  1.37448  0.22351  0  0.23698  -7.78006e-06  0  
5.8  1.37685  0.22351  0  0.23698  -4.69424e-06  0  
5.81  1.37922  0.22351  0  0.23698  -1.41414e-06  0  
5.82  1.38159  0.22351  0  0.23698  1.76718e-06  0  
5.83  1.38396  0.22351  0  0.23698  4.5847e-06  0  
5.84  1.38633  0.22351  0  0.23698  6.82219e-06  0  
5.85  1.3887  0.22351  0  0.23698  8.32744e-06  0  
5.86  1.39107  0.223511  0  0.23698  9.02092e-06  0  
5.87  1.39344  0.223511  0  0.23698  8.89776e-06  0  
5.88  1.39581  0.223511  0  0.23698  8.02313e-06  0  
5.89  1.39818  0.223511  0  0.23698  6.52199e-06  0  
5.9  1.40055  0.223511  0  0.23698  4.56446e-06  0  
5.91  1.40292  0.223511  0  0.23698  2.34821e-06  0  
5.92  1.40529  0.223511  0  0.23698  7.97905e-08  0  
5.93  1.40766  0.223511  0  0.23698  -2.04362e-06  0  
5.94  1.41003  0.223511  0  0.23698  -3.85043e-06  0  
5.95  1.4124  0.223511  0  0.23698  -5.20755e-06  0  
5.96  1.41477  0.223511  0  0.23698  -6.02921e-06  0  
5.97  1.41714  0.223511  0  0.23698  -6.28109e-06  0  
5.98  1.41951  0.223511  0  0.23698  -5.97981e-06  0  
5.99  1.42188  0.22351  0  0.23698  -5.18812e-06  0  
6  1.42425  0.22351  0  0.23698  -4.00645e-06  0  
6.01  1.42662  0.22351  0  0.23698  -2.56177e-06  0  
6.02  1.42899  0.22351  0  0.23698  -9.95052e-07  0  
6.03  1.43136  0.22351  0  0.23698  5.51771e-07  0  
6.04  1.43373  0.22351  0  0.23698  1.94796e-06  0  
6.05  1.4361  0.22351  0  0.23698  3.08438e-06  0  
6.06  1.43847  0.22351  0  0.23698  3.88139e-06  0  
6.07  1.44084  0.223511  0  0.23698  4.29366e-06  0  
6.08  1.44321  0.223511  0  0.23698  4.31173e-06  0  
6.09  1.44558  0.223511  0  0.23698  3.96044e-06  0  
6.1  1.44795  0.223511  0  0.23698  3.29451e-06  0  
6.11  1.45032  0.223511  0  0.23698  2.39185e-06  0  
6.12  1.45269  0.223511  0  0.23698  1.34538e-06  0  
6.13  1.45506  0.223511  0  0.23698  2.54081e-07  0  
6.14  1.45743  0.223511  0  0.23698  -7.85878e-07  0  
6.15  1.4598  0.223511  0  0.23698  -1.68914e-06  0  
6.16  1.46217  0.223511  0  0.23698  -2.38772e-06  0  
6.17  1.46454  0.223511  0  0.23698  -2.83568e-06  0  
6.18  1.46691  0.223511  0  0.23698  -3.01153e-06  0  
6.19  1.46928  0.223511  0  0.23698  -2.91849e-06  0  
6.2  1.47165  0.223511  0  0.23698  -2.58248e-06  0  
6.21  1.47402  0.223511  0  0.23698  -2.04847e-06  0  
6.22  1.47639  0.22351  0  0.23698  -1.37529e-06  0  
6.23  1.47876  0.22351  0  0.23698  -6.29732e-07  0  
6.24  1.48113  0.22351  0  0.23698  1.19692e-07  0  
6.25  1.48349  0.223511  0  0.23698  8.08739e-07  0  
6.26  1.48586  0.223511  0  0.23698  1.38262e-06  0  
6.27  1.48823  0.223511  0  0.23698  1.80004e-06  0  
6.28  1.4906  0.223511  0  0.23698  2.03583e-06  0  
6.29  1.49297  0.223511  0  0.23698  2.08201e-06  0  
6.3  1.49534  0.223511  0  0.23698  1.94734e-06  0  
6.31  1.49771  0.223511  0  0.23698  1.65541e-06  0  
6.32  1.50008  0.223511  0  0.23698  1.24167e-06  0  
6.33  1.50245  0.223511  0  0.23698  7.49608e-07  0  
6.34  1.50482  0.223511  0  0.23698  2.26474e-07  0  
6.35  1.50719  0.223511  0  0.23698  -2.80986e-07  0  
6.36  1.50956  0.223511  0  0.23698  -7.30491e-07  0  
6.37  1.51193  0.223511  0  0.23698  -1.08754e-06  0  
6.38  1.5143  0.223511  0  0.23698  -1.32784e-06  0  
6.39  1.51667  0.223511  0  0.23698  -1.43868e-06  0  
6.4  1.51904  0.223511  0  0.23698  -1.41926e-06  0  
6.41  1.52141  0.223511  0  0.23698  -1.27996e-06  0  
6.42  1.52378  0.223511  0  0.23698  -1.0407e-06  0  
6.43  1.52615  0.223511  0  0.23698  -7.28593e-07  0  
6.44  1.52852  0.223511  0  0.23698  -3.75165e-07  0  
6.45  1.53089  0.223511  0  0.23698  -1.33587e-08  0  
6.46  1.53326  0.223511  0  0.23698  3.25374e-07  0  
6.47  1.53563  0.223511  0  0.23698  6.13655e-07  0  
6.48  1.538  0.223511  0  0.23698  8.30246e-07  0  
6.49  1.54037  0.223511  0  0.23698  9.61453e-07  0  
6.5  1.54274  0.223511  0  0.23698  1.00179e-06  0  
6.51  1.54511  0.223511  0  0.23698  9.53886e-07  0  
6.52  1.54748  0.223511  0  0.23698  8.27745e-07  0  
6.53  1.54985  0.223511  0  0.23698  6.39372e-07  0  
6.54  1.55222  0.223511  0  0.23698  4.09014e-07  0  
6.55  1.55459  0.223511  0  0.23698  1.59151e-07  0  
6.56  1.55696  0.223511  0  0.23698  -8.75786e-08  0  
6.57  1.55933  0.223511  0  0.23698  -3.10317e-07  0  
6.58  1.5617  0.223511  0  0.23698  -4.91653e-07  0  
6.59  1.56407  0.223511  0  0.23698  -6.18874e-07  0  
6.6  1.56644  0.223511  0  0.23698  -6.84739e-07  0  
6.61  1.56881  0.223511  0  0.23698  -6.87731e-07  0  
6.62  1.57118  0.223511  0  0.23698  -6.31802e-07  0  
6.63  1.57355  0.223511  0  0.23698  -5.25671e-07  0  
6.64  1.57592  0.223511  0  0.23698  -3.8176e-07  0  
6.65  1.57829  0.223511  0  0.23698  -2.14885e-07  0  
6.66  1.58066  0.223511  0  0.23698  -4.08309e-08  0  
6.67  1.58303  0.223511  0  0.23698  1.25061e-07  0  
6.68  1.5854  0.223511  0  0.23698  2.69172e-07  0  
6.69  1.58777  0.223511  0  0.23698  3.80655e-07  0  
6.7  1.59014  0.223511  0  0.23698  4.52176e-07  0  
6.71  1.59251  0.223511  0  0.23698  4.80302e-07  0  
6.72  1.59488  0.223511  0  0.23698  4.65536e-07  0  
6.73  1.59725  0.223511  0  0.23698  4.12009e-07  0  
6.74  1.59962  0.223511  0  0.23698  3.26887e-07  0  
6.75  1.60198  0.223511  0  0.23698  2.19551e-07  0  
6.76  1.60435  0.223511  0  0.23698  1.00652e-07  0  
6.77  1.60672  0.223511  0  0.23698  -1.88825e-08  0  
6.78  1.60909  0.223511  0  0.23698  -1.28805e-07  0  
6.79  1.61146  0.223511  0  0.23698  -2.20373e-07  0  
6.8  1.61383  0.223511  0  0.23698  -2.86996e-07  0  
6.81  1.6162  0.223511  0  0.23698  -3.24656e-07  0  
6.82  1.61857  0.223511  0  0.23698  -3.32076e-07  0  
6.83  1.62094  0.223511  0  0.23698  -3.10645e-07  0  
6.84  1.62331  0.223511  0  0.23698  -2.64125e-07  0  
6.85  1.62568  0.223511  0  0.23698  -1.98166e-07  0  
6.86  1.62805  0.223511  0  0.23698  -1.19702e-07  0  
6.87  1.63042  0.223511  0  0.23698  -3.62691e-08  0  
6.88  1.63279  0.223511  0  0.23698  4.46769e-08  0  
6.89  1.63516  0.223511  0  0.23698  1.16391e-07  0  
6.9  1.63753  0.223511  0  0.23698  1.73367e-07  0  
6.91  1.6399  0.223511  0  0.23698  2.11728e-07  0  
6.92  1.64227  0.223511  0  0.23698  2.29443e-07  0  
6.93  1.64464  0.223511  0  0.23698  2.26383e-07  0  
6.94  1.64701  0.223511  0  0.23698  2.04197e-07  0  
6.95  1.64938  0.223511  0  0.23698  1.66062e-07  0  
6.96  1.65175  0.223511  0  0.23698  1.163e-07  0  
6.97  1.65412  0.223511  0  0.23698  5.99387e-08  0  
6.98  1.65649  0.223511  0  0.23698  2.23154e-09  0  
6.99  1.65886  0.223511  0  0.23698  -5.1804e-08  0  
7  1.66123  0.223511  0  0.23698  -9.77998e-08  0  
7.01  1.6636  0.223511  0  0.23698  -1.32367e-07  0  
7.02  1.66597  0.223511  0  0.23698  -1.53319e-07  0  
7.03  1.66834  0.223511  0  0.23698  -1.59777e-07  0  
7.04  1.67071  0.223511  0  0.23698  -1.52162e-07  0  
7.05  1.67308  0.223511  0  0.23698  -1.32064e-07  0  
7.06  1.67545  0.223511  0  0.23698  -1.02035e-07  0  
7.07  1.67782  0.223511  0  0.23698  -6.53034e-08  0  
7.08  1.68019  0.223511  0  0.23698  -2.54547e-08  0  
7.09  1.68256  0.223511  0  0.23698  1.39004e-08  0  
7.1  1.68493  0.223511  0  0.23698  4.94347e-08  0  
7.11  1.6873  0.223511  0  0.23698  7.837e-08  0  
7.12  1.68967  0.223511  0  0.23698  9.86772e-08  0  
7.13  1.69204  0.223511  0  0.23698  1.092e-07  0  
7.14  1.69441  0.223511  0  0.23698  1.09695e-07  0  
7.15  1.69678  0.223511  0  0.23698  1.0079e-07  0  
7.16  1.69915  0.223511  0  0.23698  8.38761e-08  0  
7.17  1.70152  0.223511  0  0.23698  6.09323e-08  0  
7.18  1.70389  0.223511  0  0.23698  3.43215e-08  0  
7.19  1.70626  0.223511  0  0.23698  6.56116e-09  0  
7.2  1.70863  0.223511  0  0.23698  -1.99014e-08  0  
7.21  1.711  0.223511  0  0.23698  -4.28937e-08  0  
7.22  1.71337  0.223511  0  0.23698  -6.06848e-08  0  
7.23  1.71574  0.223511  0  0.23698  -7.21038e-08  0  
7.24  1.71811  0.223511  0  0.23698  -7.6602e-08  0  
7.25  1.72047  0.223511  0  0.23698  -7.42588e-08  0  
7.26  1.72284  0.223511  0  0.23698  -6.57319e-08  0  
7.27  1.72521  0.223511  0  0.23698  -5.21633e-08  0  
7.28  1.72758  0.223511  0  0.23698  -3.5049e-08  0  
7.29  1.72995  0.223511  0  0.23698  -1.60875e-08  0  
7.3  1.73232  0.223511  0  0.23698  2.97854e-09  0  
7.31  1.73469  0.223511  0  0.23698  2.05142e-08  0  
7.32  1.73706  0.223511  0  0.23698  3.51248e-08  0  
7.33  1.73943  0.223511  0  0.23698  4.57584e-08  0  
7.34  1.7418  0.223511  0  0.23698  5.17734e-08  0  
7.35  1.74417  0.223511  0  0.23698  5.29652e-08  0  
7.36  1.74654  0.223511  0  0.23698  4.9555e-08  0  
7.37  1.74891  0.223511  0  0.23698  4.21418e-08  0  
7.38  1.75128  0.223511  0  0.23698  3.16266e-08  0  
7.39  1.75365  0.223511  0  0.23698  1.91148e-08  0  
7.4  1.75602  0.223511  0  0.23698  5.8083e-09  0  
7.41  1.75839  0.223511  0  0.23698  -7.10358e-09  0  
7.42  1.76076  0.223511  0  0.23698  -1.85448e-08  0  
7.43  1.76313  0.223511  0  0.23698  -2.76369e-08  0  
7.44  1.7655  0.223511  0  0.23698  -3.37607e-08  0  
7.45  1.76787  0.223511  0  0.23698  -3.65921e-08  0  
7.46  1.77024  0.223511  0  0.23698  -3.61097e-08  0  
7.47  1.77261  0.223511  0  0.23698  -3.25764e-08  0  
7.48  1.77498  0.223511  0  0.23698  -2.64981e-08  0  
7.49  1.77735  0.223511  0  0.23698  -1.85642e-08  0  
7.5  1.77972  0.223511  0  0.23698  -9.57614e-09  0  
7.51  1.78209  0.223511  0  0.23698  -3.72013e-10  0  
7.52  1.78446  0.223511  0  0.23698  8.24787e-09  0  
7.53  1.78683  0.223511  0  0.23698  1.55866e-08  0  
7.54  1.7892  0.223511  0  0.23698  2.11034e-08  0  
7.55  1.79157  0.223511  0  0.23698  2.44491e-08  0  
7.56  1.79394  0.223511  0  0.23698  2.54833e-08  0  
7.57  1.79631  0.223511  0  0.23698  2.42725e-08  0  
7.58  1.79868  0.223511  0  0.23698  2.10702e-08  0  
7.59  1.80105  0.223511  0  0.23698  1.62833e-08  0  
7.6  1.80342  0.223511  0  0.23698  1.04264e-08  0  
7.61  1.80579  0.223511  0  0.23698  4.07122e-09  0  
7.62  1.80816  0.223511  0  0.23698  -2.2062e-09  0  
7.63  1.81053  0.223511  0  0.23698  -7.87512e-09  0  
7.64  1.8129  0.223511  0  0.23698  -1.24922e-08  0  
7.65  1.81527  0.223511  0  0.23698  -1.57337e-08  0  
7.66  1.81764  0.223511  0  0.23698  -1.74149e-08  0  
7.67  1.82001  0.223511  0  0.23698  -1.74966e-08  0  
7.68  1.82238  0.223511  0  0.23698  -1.60789e-08  0  
7.69  1.82475  0.223511  0  0.23698  -1.33833e-08  0  
7.7  1.82712  0.223511  0  0.23698  -9.72531e-09  0  
7.71  1.82949  0.223511  0  0.23698  -5.48181e-09  0  
7.72  1.83186  0.223511  0  0.23698  -1.05426e-09  0  
7.73  1.83423  0.223511  0  0.23698  3.16698e-09  0  
7.74  1.8366  0.223511  0  0.23698  6.8353e-09  0  
7.75  1.83896  0.223511  0  0.23698  9.67449e-09  0  
7.76  1.84133  0.223511  0  0.23698  1.14976e-08  0  
7.77  1.8437  0.223511  0  0.23698  1.22171e-08  0  
7.78  1.84607  0.223511  0  0.23698  1.18452e-08  0  
7.79  1.84844  0.223511  0  0.23698  1.04869e-08  0  
7.8  1.85081  0.223511  0  0.23698  8.32402e-09  0  
7.81  1.85318  0.223511  0  0.23698  5.59521e-09  0  
7.82  1.85555  0.223511  0  0.23698  2.5713e-09  0  
7.83  1.85792  0.223511  0  0.23698  -4.69778e-10  0  
7.84  1.86029  0.223511  0  0.23698  -3.26721e-09  0  
7.85  1.86266  0.223511  0  0.23698  -5.59846e-09  0  
7.86  1.86503  0.223511  0  0.23698  -7.29567e-09  0  
7.87  1.8674  0.223511  0  0.23698  -8.25637e-09  0  
7.88  1.86977  0.223511  0  0.23698  -8.44781e-09  0  
7.89  1.87214  0.223511  0  0.23698  -7.90515e-09  0  
7.9  1.87451  0.223511  0  0.23698  -6.72384e-09  0  
7.91  1.87688  0.223511  0  0.23698  -5.04749e-09  0  
7.92  1.87925  0.223511  0  0.23698  -3.05237e-09  0  
7.93  1.88162  0.223511  0  0.23698  -9.30151e-10  0  
7.94  1.88399  0.223511  0  0.23698  1.12945e-09  0  
7.95  1.88636  0.223511  0  0.23698  2.95477e-09  0  
7.96  1.88873  0.223511  0  0.23698  4.40565e-09  0  
7.97  1.8911  0.223511  0  0.23698  5.38325e-09  0  
7.98  1.89347  0.223511  0  0.23698  5.83579e-09  0  
7.99  1.89584  0.223511  0  0.23698  5.75976e-09  0  
8  1.89821  0.223511  0  0.23698  5.19704e-09  0  
8.01  1.90058  0.223511  0  0.23698  4.22824e-09  0  
8.02  1.90295  0.223511  0  0.23698  2.96326e-09  0  
8.03  1.90532  0.223511  0  0.23698  1.52993e-09  0  
8.04  1.90769  0.223511  0  0.23698  6.19019e-11  0  
8.05  1.91006  0.223511  0  0.23698  -1.31316e-09  0  
8.06  1.91243  0.223511  0  0.23698  -2.48408e-09  0  
8.07  1.9148  0.223511  0  0.23698  -3.36453e-09  0  
8.08  1.91717  0.223511  0  0.23698  -3.89878e-09  0  
8.09  1.91954  0.223511  0  0.23698  -4.06439e-09  0  
8.1  1.92191  0.223511  0  0.23698  -3.87188e-09  0  
8.11  1.92428  0.223511  0  0.23698  -3.36167e-09  0  
8.12  1.92665  0.223511  0  0.23698  -2.59857e-09  0  
8.13  1.92902  0.223511  0  0.23698  -1.66468e-09  0  
8.14  1.93139  0.223511  0  0.23698  -6.51146e-10  0  
8.15  1.93376  0.223511  0  0.23698  3.50148e-10  0  
8.16  1.93613  0.223511  0  0.23698  1.25453e-09  0  
8.17  1.9385  0.223511  0  0.23698  1.99127e-09  0  
8.18  1.94087  0.223511  0  0.23698  2.50868e-09  0  
8.19  1.94324  0.223511  0  0.23698  2.77727e-09  0  
8.2  1.94561  0.223511  0  0.23698  2.79075e-09  0  
8.21  1.94798  0.223511  0  0.23698  2.56504e-09  0  
8.22  1.95035  0.223511  0  0.23698  2.13543e-09  0  
8.23  1.95272  0.223511  0  0.23698  1.55224e-09  0  
8.24  1.95509  0.223511  0  0.23698  8.75551e-10  0  
8.25  1.95745  0.223511  0  0.23698  1.69392e-10  0  
8.26  1.95982  0.223511  0  0.23698  -5.03969e-10  0  
8.27  1.96219  0.223511  0  0.23698  -1.08923e-09  0  
8.28  1.96456  0.223511  0  0.23698  -1.54233e-09  0  
8.29  1.96693  0.223511  0  0.23698  -1.83341e-09  0  
8.3  1.9693  0.223511  0  0.23698  -1.94846e-09  0  
8.31  1.97167  0.223511  0  0.23698  -1.88946e-09  0  
8.32  1.97404  0.223511  0  0.23698  -1.67307e-09  0  
8.33  1.97641  0.223511  0  0.23698  -1.32831e-09  0  
8.34  1.97878  0.223511  0  0.23698  -8.93217e-10  0  
8.35  1.98115  0.223511  0  0.23698  -4.10974e-10  0  
8.36  1.98352  0.223511  0  0.23698  7.40837e-11  0  
8.37  1.98589  0.223511  0  0.23698  5.20353e-10  0  
8.38  1.98826  0.223511  0  0.23698  8.92325e-10  0  
8.39  1.99063  0.223511  0  0.23698  1.16321e-09  0  
8.4  1.993  0.223511  0  0.23698  1.31665e-09  0  
8.41  1.99537  0.223511  0  0.23698  1.3474e-09  0  
8.42  1.99774  0.223511  0  0.23698  1.26105e-09  0  
8.43  2.00011  0.223511  0  0.23698  1.07281e-09  0  
8.44  2.00248  0.223511  0  0.23698  8.05561e-10  0  
8.45  2.00485  0.223511  0  0.23698  4.8742e-10  0  
8.46  2.00722  0.223511  0  0.23698  1.48954e-10  0  
8.47  2.00959  0.223511  0  0.23698  -1.79578e-10  0  
8.48  2.01196  0.223511  0  0.23698  -4.70789e-10  0  
8.49  2.01433  0.223511  0  0.23698  -7.02312e-10  0  
8.5  2.0167  0.223511  0  0.23698  -8.58376e-10  0  
8.51  2.01907  0.223511  0  0.23698  -9.30703e-10  0  
8.52  2.02144  0.223511  0  0.23698  -9.18725e-10  0  
8.53  2.02381  0.223511  0  0.23698  -8.29104e-10  0  
8.54  2.02618  0.223511  0  0.23698  -6.74691e-10  0  
8.55  2.02855  0.223511  0  0.23698  -4.73004e-10  0  
8.56  2.03092  0.223511  0  0.23698  -2.4443e-10  0  
8.57  2.03329  0.223511  0  0.23698  -1.02832e-11  0  
8.58  2.03566  0.223511  0  0.23698  2.09071e-10  0  
8.59  2.03803  0.223511  0  0.23698  3.95893e-10  0  
8.6  2.0404  0.223511  0  0.23698  5.36409e-10  0  
8.61  2.04277  0.223511  0  0.23698  6.21721e-10  0  
8.62  2.04514  0.223511  0  0.23698  6.48239e-10  0  
8.63  2.04751  0.223511  0  0.23698  6.17633e-10  0  
8.64  2.04988  0.223511  0  0.23698  5.3634e-10  0  
8.65  2.05225  0.223511  0  0.23698  4.14694e-10  0  
8.66  2.05462  0.223511  0  0.23698  2.65782e-10  0  
8.67  2.05699  0.223511  0  0.23698  1.04142e-10  0  
8.68  2.05936  0.223511  0  0.23698  -5.55709e-11  0  
8.69  2.06173  0.223511  0  0.23698  -1.9985e-10  0  
8.7  2.0641  0.223511  0  0.23698  -3.17409e-10  0  
8.71  2.06647  0.223511  0  0.23698  -3.99999e-10  0  
8.72  2.06884  0.223511  0  0.23698  -4.42908e-10  0  
8.73  2.07121  0.223511  0  0.23698  -4.45129e-10  0  
8.74  2.07358  0.223511  0  0.23698  -4.09195e-10  0  
8.75  2.07594  0.223511  0  0.23698  -3.40727e-10  0  
8.76  2.07831  0.223511  0  0.23698  -2.47749e-10  0  
8.77  2.08068  0.223511  0  0.23698  -1.39841e-10  0  
8.78  2.08305  0.223511  0  0.23698  -2.72144e-11  0  
8.79  2.08542  0.223511  0  0.23698  8.01979e-11  0  
8.8  2.08779  0.223511  0  0.23698  1.73574e-10  0  
8.81  2.09016  0.223511  0  0.23698  2.4588e-10  0  
8.82  2.09253  0.223511  0  0.23698  2.92354e-10  0  
8.83  2.0949  0.223511  0  0.23698  3.10754e-10  0  
8.84  2.09727  0.223511  0  0.23698  3.01391e-10  0  
8.85  2.09964  0.223511  0  0.23698  2.6692e-10  0  
8.86  2.10201  0.223511  0  0.23698  2.11966e-10  0  
8.87  2.10438  0.223511  0  0.23698  1.42592e-10  0  
8.88  2.10675  0.223511  0  0.23698  6.5686e-11  0  
8.89  2.10912  0.223511  0  0.23698  -1.16815e-11  0  
8.9  2.11149  0.223511  0  0.23698  -8.28735e-11  0  
8.91  2.11386  0.223511  0  0.23698  -1.42225e-10  0  
8.92  2.11623  0.223511  0  0.23698  -1.85461e-10  0  
8.93  2.1186  0.223511  0  0.23698  -2.09968e-10  0  
8.94  2.12097  0.223511  0  0.23698  -2.14907e-10  0  
8.95  2.12334  0.223511  0  0.23698  -2.01166e-10  0  
8.96  2.12571  0.223511  0  0.23698  -1.71169e-10  0  
8.97  2.12808  0.223511  0  0.23698  -1.28564e-10  0  
8.98  2.13045  0.223511  0  0.23698  -7.78337e-11  0  
8.99  2.13282  0.223511  0  0.23698  -2.38529e-11  0  
9  2.13519  0.223511  0  0.23698  2.85518e-11  0  
9.01  2.13756  0.223511  0  0.23698  7.50114e-11  0  
9.02  2.13993  0.223511  0  0.23698  1.11957e-10  0  
9.03  2.1423  0.223511  0  0.23698  1.3687e-10  0  
9.04  2.14467  0.223511  0  0.23698  1.4843e-10  0  
9.05  2.14704  0.223511  0  0.23698  1.46542e-10  0  
9.06  2.14941  0.223511  0  0.23698  1.32269e-10  0  
9.07  2.15178  0.223511  0  0.23698  1.07658e-10  0  
9.08  2.15415  0.223511  0  0.23698  7.55012e-11  0  
9.09  2.15652  0.223511  0  0.23698  3.90504e-11  0  
9.1  2.15889  0.223511  0  0.23698  1.70498e-12  0  
9.11  2.16126  0.223511  0  0.23698  -3.32865e-11  0  
9.12  2.16363  0.223511  0  0.23698  -6.3094e-11  0  
9.13  2.166  0.223511  0  0.23698  -8.55194e-11  0  
9.14  2.16837  0.223511  0  0.23698  -9.9142e-11  0  
9.15  2.17074  0.223511  0  0.23698  -1.03388e-10  0  
9.16  2.17311  0.223511  0  0.23698  -9.85219e-11  0  
9.17  2.17548  0.223511  0  0.23698  -8.55696e-11  0  
9.18  2.17785  0.223511  0  0.23698  -6.6178e-11  0  
9.19  2.18022  0.223511  0  0.23698  -4.24337e-11  0  
9.2  2.18259  0.223511  0  0.23698  -1.66556e-11  0  
9.21  2.18496  0.223511  0  0.23698  8.81942e-12  0  
9.22  2.18733  0.223511  0  0.23698  3.18363e-11  0  
9.23  2.1897  0.223511  0  0.23698  5.05946e-11  0  
9.24  2.19207  0.223511  0  0.23698  6.37774e-11  0  
9.25  2.19443  0.223511  0  0.23698  7.06325e-11  0  
9.26  2.1968  0.223511  0  0.23698  7.0998e-11  0  
9.27  2.19917  0.223511  0  0.23698  6.52769e-11  0  
9.28  2.20154  0.223511  0  0.23698  5.43654e-11  0  
9.29  2.20391  0.223511  0  0.23698  3.95423e-11  0  
9.3  2.20628  0.223511  0  0.23698  2.23349e-11  0  
9.31  2.20865  0.223511  0  0.23698  4.37215e-12  0  
9.32  2.21102  0.223511  0  0.23698  -1.27617e-11  0  
9.33  2.21339  0.223511  0  0.23698  -2.76591e-11  0  
9.34  2.21576  0.223511  0  0.23698  -3.91979e-11  0  
9.35  2.21813  0.223511  0  0.23698  -4.66176e-11  0  
9.36  2.2205  0.223511  0  0.23698  -4.95602e-11  0  
9.37  2.22287  0.223511  0  0.23698  -4.80743e-11  0  
9.38  2.22524  0.223511  0  0.23698  -4.25831e-11  0  
9.39  2.22761  0.223511  0  0.23698  -3.38235e-11  0  
9.4  2.22998  0.223511  0  0.23698  -2.27623e-11  0  
9.41  2.23235  0.223511  0  0.23698  -1.04978e-11  0  
9.42  2.23472  0.223511  0  0.23698  1.84204e-12  0  
9.43  2.23709  0.223511  0  0.23698  1.31987e-11  0  
9.44  2.23946  0.223511  0  0.23698  2.26684e-11  0  
9.45  2.24183  0.223511  0  0.23698  2.95689e-11  0  
9.46  2.2442  0.223511  0  0.23698  3.3483e-11  0  
9.47  2.24657  0.223511  0  0.23698  3.42761e-11  0  
9.48  2.24894  0.223511  0  0.23698  3.20896e-11  0  
9.49  2.25131  0.223511  0  0.23698  2.73097e-11  0  
9.5  2.25368  0.223511  0  0.23698  2.05179e-11  0  
9.51  2.25605  0.223511  0  0.23698  1.2429e-11  0  
9.52  2.25842  0.223511  0  0.23698  3.82013e-12  0  
9.53  2.26079  0.223511  0  0.23698  -4.53862e-12  0  
9.54  2.26316  0.223511  0  0.23698  -1.19505e-11  0  
9.55  2.26553  0.223511  0  0.23698  -1.78458e-11  0  
9.56  2.2679  0.223511  0  0.23698  -2.18228e-11  0  
9.57  2.27027  0.223511  0  0.23698  -2.36704e-11  0  
9.58  2.27264  0.223511  0  0.23698  -2.33734e-11  0  
9.59  2.27501  0.223511  0  0.23698  -2.11006e-11  0  
9.6  2.27738  0.223511  0  0.23698  -1.71783e-11  0  
9.61  2.27975  0.223511  0  0.23698  -1.20518e-11  0  
9.62  2.28212  0.223511  0  0.23698  -6.2395e-12  0  
9.63  2.28449  0.223511  0  0.23698  -2.83415e-13  0  
9.64  2.28686  0.223511  0  0.23698  5.29821e-12  0  
9.65  2.28923  0.223511  0  0.23698  1.00539e-11  0  
9.66  2.2916  0.223511  0  0.23698  1.36329e-11  0  
9.67  2.29397  0.223511  0  0.23698  1.58083e-11  0  
9.68  2.29634  0.223511  0  0.23698  1.64883e-11  0  
9.69  2.29871  0.223511  0  0.23698  1.57148e-11  0  
9.7  2.30108  0.223511  0  0.23698  1.36513e-11  0  
9.71  2.30345  0.223511  0  0.23698  1.05604e-11  0  
9.72  2.30582  0.223511  0  0.23698  6.7746e-12  0  
9.73  2.30819  0.223511  0  0.23698  2.66372e-12  0  
9.74  2.31056  0.223511  0  0.23698  -1.39954e-12  0  
9.75  2.31292  0.223511  0  0.23698  -5.07142e-12  0  
9.76  2.31529  0.223511  0  0.23698  -8.06457e-12  0  
9.77  2.31766  0.223511  0  0.23698  -1.01687e-11  0  
9.78  2.32003  0.223511  0  0.23698  -1.12637e-11  0  
9.79  2.3224  0.223511  0  0.23698  -1.13238e-11  0  
9.8  2.32477  0.223511  0  0.23698  -1.04129e-11  0  
9.81  2.32714  0.223511  0  0.23698  -8.67383e-12  0  
9.82  2.32951  0.223511  0  0.23698  -6.31056e-12  0  
9.83  2.33188  0.223511  0  0.23698  -3.56656e-12  0  
9.84  2.33425  0.223511  0  0.23698  -7.01681e-13  0  
9.85  2.33662  0.223511  0  0.23698  2.03142e-12  0  
9.86  2.33899  0.223511  0  0.23698  4.40813e-12  0  
9.87  2.34136  0.223511  0  0.23698  6.24944e-12  0  
9.88  2.34373  0.223511  0  0.23698  7.43383e-12  0  
9.89  2.3461  0.223511  0  0.23698  7.9043e-12  0  
9.9  2.34847  0.223511  0  0.23698  7.66835e-12  0  
9.91  2.35084  0.223511  0  0.23698  6.79341e-12  0  
9.92  2.35321  0.223511  0  0.23698  5.39688e-12  0  
9.93  2.35558  0.223511  0  0.23698  3.63312e-12  0  
9.94  2.35795  0.223511  0  0.23698  1.67719e-12  0  
9.95  2.36032  0.223511  0  0.23698  -2.90968e-13  0  
9.96  2.36269  0.223511  0  0.23698  -2.10252e-12  0  
9.97  2.36506  0.223511  0  0.23698  -3.6132e-12  0  
9.98  2.36743  0.223511  0  0.23698  -4.71422e-12  0  
9.99  2.3698  0.223511  0  0.23698  -5.33915e-12  0  
